1
1 0 0 1920 1080 Textures/Background.png 0 1
2 0 0 1920 1080 Textures/Background_Layer_3.png -0.01 -15.2
2 1920 0 1920 1080 Textures/Background_Layer_3.png -0.01 -15.2
3 -300 0 1920 1080 Textures/Background_Layer_2.png 0 1
3 1620 0 1920 1080 Textures/Background_Layer_2.png 0 1
4 1500 1080 3000 100 Textures/Platform.png
4 1000 540 1000 100 Textures/Platform.png
5 40.0619 868.434 100 150 0 0
7 125.062 967.773 80 125 500
7 621.132 967.773 80 125 500
7 921.132 967.773 80 125 500
7 39.5494 967.773 80 125 500
8 1130.38 774.72 80 125 1000 1750 500 
